10000
10000
10000
10000
10000
10000
10000
10000
10000
10000
10000
10005
10013
10024
10038
10055
10075
10098
10122
10148
10176
10205
10235
10267
10299
10332
10366
10401
10436
10472
10509
10545
10583
10620
10658
10697
10735
10774
10813
10853
10892
10932
10972
11012
11052
11093
11133
11174
11214
11255
11296
11337
11378
11419
11460
11501
11542
11584
11625
11666
11707
11749
11790
11832
11873
11915
11956
11997
12039
12081
12122
12163
12205
12247
12288
12330
12371
12413
12454
12496
12537
12579
12620
12662
12703
12745
12787
12828
12870
12911
12953
12994
13036
13077
13119
13160
13202
13243
13285
13327
13368
13410
13451
13493
13535
13576
13618
13660
13701
13743
13784
13826
13867
13909
13951
13992
14034
14075
14117
14158
14200
14242
14283
14325
14366
14408
14450
14491
14533
14574
14616
14657
14699
14741
14782
14824
14866
14907
14949
14991
15032
15074
15115
15157
15199
15240
15282
15324
15365
15407
15449
15490
15532
15574
15615
15657
15699
15740
15782
15824
15865
15907
15949
15990
16032
16074
16115
16157
16199
16240
16282
16324
16365
16407
16449
16490
16532
16574
16615
16657
16699
16740
16782
16824
16865
16907
16949
16991
17032
17074
17116
17157
17199
17241
17283
17324
17366
17408
17450
17491
17533
17575
17617
17658
17700
17742
17783
17825
17867
17909
17950
17992
18034
18076
18117
18159
18201
18243
18285
18326
18368
18410
18452
18493
18535
18577
18619
18660
18702
18744
18786
18827
18869
18911
18953
18995
19036
19078
19120
19161
19203
19245
19287
19328
19370
19412
19453
19495
