10001
10002
10003
10004
10005
10006
10007
10008
10009
10010
10011
10012
10011
10012
10013
10012
10013
10012
10011
10010
10009
10008
10007
10008
10009
10010
10011
10012
10013
10012
10011
10012
10011
10010
10011
10012
10011
10012
10011
10012
10013
10014
10015
10014
10013
10013
10014
10013
10012
10011
10010
10009
10008
10007
10006
10007
10008
10007
10006
10007
10006
10005
10006
10005
10006
10005
10006
10006
10005
10006
10005
10006
10005
10006
10005
10006
10007
10006
10007
10006
10007
10006
10007
10008
10007
10008
10007
10006
10007
10006
10005
10006
10005
10004
10005
10004
10003
10004
10005
10004
10003
10004
10003
10002
10003
10004
10003
10002
10003
10002
10001
10002
10003
10002
10001
10002
10003
10004
10003
10003
10004
10005
10004
10003
10004
10005
10004
10003
10004
10005
10006
10005
10004
10005
10006
10005
10004
10003
10004
10005
10004
10003
10004
10005
10006
10005
10004
10005
10006
10007
10006
10005
10006
10007
10008
10007
10006
10007
10008
10009
10008
10007
10008
10009
10010
10009
10008
10009
10010
10011
10010
10009
10008
10009
10010
10009
10008
10008
10009
10010
10009
10008
10007
10008
10009
10010
10009
10008
10009
10010
10011
10010
10009
10009
10010
10011
10012
10011
10010
10009
10010
10011
10012
10011
10010
10009
10010
10011
10012
10011
10010
10009
10009
10010
10011
10012
10011
10010
10009
10010
10011
10012
10011
10010
10009
10010
10011
10012
10011
10010
10009
10010
10011
10012
10011
10010
10010
10011
10012
10013
10012
10011
10011
10012
10013
10014
10013
10012
10011
10012
10013
10014
10013
10012
10011
10012
10013
10014
10013
10012
10011
10010
10011
10012
10013
10012
10011
10010
10010
10011
10012
10013
10012
10011
10010
10011
10012
10013
10014
10013
10012
10011
10012
10013
10014
10013
10012
10011
10010
10011
10012
10013
10012
10011
10010
10010
10011
10012
10013
10012
10011
10011
10012
10013
10014
10013
10012
10012
10013
10014
10015
10014
10013
10012
10013
10014
10015
10014
10013
10012
10013
10014
10015
10014
10013
10012
10011
10012
10013
10014
10013
10012
10011
10012
10013
10014
10013
10012
10011
10012
10013
10014
10015
10014
10013
10012
10013
10014
10015
10016
10015
10014
10013
10013
10014
10015
10016
10017
10016
10015
10014
10013
10014
10015
10016
10017
10016
10015
10014
10013
10012
10011
10011
10012
10013
10014
10015
10016
10017
10016
10015
10014
10013
10012
10011
10010
10009
10009
10010
10011
10012
10013
10014
10015
10016
10017
10018
10019
10020
10021
10022
10021
10020
10019
10018
10017
10016
10015
10014
10013
10012
10013
10013
10013
10014
10015
10016
10017
10018
10019
10020
10021
10022
10023
10024
10025
10026
10027
10028
10029
10028
10027
10026
10025
10024
10023
10022
10021
10020
10019
10019
10019
10020
10021
10022
10023
10024
10025
10026
10027
10026
10025
10024
10023
10022
10021
10020
10019
10018
10018
10018
10019
10020
10021
10022
10023
10024
10025
10024
10023
10022
10021
10020
10019
10018
10017
10016
10015
10014
10013
10012
10012
10012
10012
10012
10013
10013
10014
10015
10016
10017
10018
10019
10020
10021
10022
10023
10022
10021
10020
10019
10018
10017
10016
10015
10014
10013
10012
10012
10011
10012
10013
10014
10015
10016
10017
10018
10019
10020
10021
10022
10023
10024
10025
10026
10027
10028
10029
10030
10031
10032
10033
10034
10035
10036
10037
10038
10039
10040
10041
10042
10043
10044
10045
10046
10047
10048
10049
10050
10051
10052
10053
10054
10055
10056
10057
10058
10059
10060
10061
10062
10063
10064
10065
10064
10063
10062
10061
10060
10059
10058
10057
10056
10055
10054
10053
10052
10052
10053
10054
10055
10056
10057
10058
10059
10060
10059
10058
10057
10056
10055
10054
10053
10052
10052
10052
10053
10054
10055
10056
10057
10058
10059
10060
10061
10062
10063
10064
10065
10066
10067
10068
10069
10070
10071
10072
10073
10074
10075
10076
10077
10078
10079
10080
10081
10082
10083
10083
10082
10081
10080
10079
10078
10077
10076
10075
10074
10073
10072
10071
10070
10071
10072
10073
10074
10075
10076
10077
10078
10078
10077
10076
10075
10074
10073
10072
10071
10072
10073
10074
10075
10076
10077
10078
10078
10077
10076
10075
10074
10073
10072
10073
10074
10075
10076
10077
10076
10075
10074
10073
10072
10071
10072
10073
10074
10075
10076
10077
10078
10079
10079
10078
10077
10076
10075
10074
10073
10072
10071
10070
10071
10072
10073
10074
10075
10076
10076
10075
10074
10073
10072
10071
10070
10071
10072
10073
10074
10075
10076
10077
10078
10078
10077
10076
10075
10074
10073
10072
10071
10070
10069
10068
10067
10066
10065
10064
10065
10066
10067
10068
10069
10070
10071
10072
10073
10074
10075
10076
10075
10074
10073
10072
10071
10070
10069
10068
10069
10070
10071
10072
10073
10073
10072
10071
10070
10069
10068
10069
10070
10071
10072
10073
10073
10072
10071
10070
10069
10070
10071
10072
10072
10071
10070
10069
10068
10067
10068
10069
10070
10071
10071
10070
10069
10068
10067
10066
10065
10064
10065
10066
10067
10068
10069
10070
10071
10071
10070
10069
10068
10067
10066
10067
10068
10069
10070
10069
10068
10067
10066
10065
10066
10067
10068
10069
10068
10067
10066
10065
10066
10067
10068
10068
10067
10066
10065
10064
10065
10066
10067
10068
10067
10066
10065
10064
10065
10066
10067
10068
10069
10068
